161,35,0.0432583474816,-153,27049
217,29,0.0441877256318,-309,26476
160,36,0.0464047610079,-152,25317
153,26,0.0471968509955,-111,24932
154,38,0.0451889365018,-138,26961
144,23,0.0514427577225,-78,23307
120,24,0.0501209958574,-8,23159
126,21,0.0531736114104,-20,21973
124,15,0.0552915216838,-2,22263
126,15,0.0526952797691,-8,20350
148,25,0.0481487430728,-94,23703
145,20,0.0522483392948,-75,22257
114,19,0.0545205721349,20,21417
112,26,0.0531667384748,12,21976
94,12,0.0631293368811,94,17957
118,12,0.0653433422339,22,18552
98,10,0.0659713168188,86,17910
111,9,0.0637057877814,49,18636
137,14,0.0547132792295,-39,21199
102,13,0.0595856179339,68,19381
125,15,0.0614105389701,-5,18738
93,14,0.0646980416282,93,18244
103,10,0.0668746035103,71,17651
90,9,0.0765127718841,112,15582
84,8,0.0649275362319,132,17743
91,12,0.0702005730659,103,16225
95,7,0.0674880674881,101,16802
79,6,0.0756623536661,151,15002
109,4,0.0662813310285,65,17285
90,6,0.0707875745215,118,14807
90,8,0.0771274952104,114,14933
91,12,0.0748663101604,103,15916
110,3,0.0736543909348,64,15696
76,5,0.0796956605842,162,14273
82,8,0.0804327076042,138,14451
74,8,0.0753509132554,162,15744
107,5,0.075963577398,69,14816
83,5,0.081234339971,141,13934
64,4,0.0880547519932,200,12925
57,4,0.0898511297514,221,12044
67,6,0.0784879989732,187,14359
72,9,0.0782513095777,166,14253
61,5,0.0896222955629,207,12413
64,6,0.0864632513565,196,12964
69,9,0.0896893685285,175,12484
80,9,0.082472853241,142,13773
63,6,0.0965361913638,199,11633
61,9,0.0862241256246,199,12802
51,4,0.100137174211,239,10496
56,5,0.0883504469232,222,12341
80,4,0.0863442780602,152,13301
45,4,0.0845160830183,257,12836
47,7,0.0937040305972,245,12322
51,9,0.0900491310406,229,12409
53,0,0.103870490591,241,10905
51,8,0.0916108360035,231,12474
50,6,0.0970904999196,238,11234
43,7,0.103177948242,257,10639
44,7,0.101687009251,254,11555
39,6,0.100067159167,271,10720
31,7,0.10523145758,293,10399
54,9,0.0931705455933,220,11884
33,10,0.110194129232,281,9488
31,9,0.102267126663,289,10929
36,10,0.107197943445,272,10419
36,12,0.089911021814,268,12683
44,16,0.0905862743677,236,12549
43,16,0.0850828729282,239,13248
40,12,0.100451914691,256,11346
35,12,0.0925366369542,271,12013
31,14,0.093785567949,279,11943
38,10,0.0979903536977,266,11221
31,18,0.080635551142,271,13887
27,9,0.104429530201,301,10008
28,12,0.0872909462988,292,12934
37,13,0.0892830963202,263,12424
27,15,0.0948135514381,289,11676
16,15,0.102220013254,322,10838
32,8,0.0908683305933,288,12166
22,8,0.122609561753,318,8809
20,9,0.099087025714,322,10756
30,13,0.0970016327742,284,12167
19,11,0.100480485543,321,10671
17,14,0.102518132182,321,11013
18,16,0.0937808489635,314,11934
29,12,0.0979479084451,289,11429
23,10,0.107100537781,311,9796
31,10,0.102555307837,287,10466
31,13,0.108376963351,281,10218
15,16,0.104179129989,323,10482
19,15,0.111320924377,313,9883
25,17,0.0973416731822,291,11545
15,8,0.108122456202,339,10080
17,23,0.0932964237618,303,12119
13,15,0.105281325509,331,10368
14,13,0.106072730506,332,10054
14,16,0.10534591195,326,10811
14,11,0.11451361511,336,9658
9,15,0.102286098504,343,10681
14,10,0.118266626542,338,8790
9,13,0.100539060495,347,10512
8,22,0.0900115307005,332,12627
9,17,0.0996100373008,339,10621
3,12,0.13005958496,367,8468
10,19,0.104999582673,332,10723
7,18,0.0951213726575,343,11444
10,18,0.111712640715,334,10337
11,21,0.0946878860548,325,12458
8,18,0.107885615251,340,10295
5,24,0.0895359814102,337,12538
4,27,0.0892541273585,334,12357
6,28,0.0885095503083,326,12121
5,21,0.102747520728,343,11038
1,19,0.111528822055,359,9926
5,25,0.0922333818907,335,11840
1,25,0.0941558441558,347,11439
2,15,0.12781124498,364,8687
3,16,0.119469454933,359,9095
0,10,0.153279105236,380,6662
0,16,0.115648201028,368,9291
3,11,0.139008979049,369,7767
1,16,0.120093050305,365,9078
0,13,0.126278169364,374,8801
4,9,0.147385852851,370,7208
0,18,0.109925489835,364,9676
1,12,0.144429619746,373,7695
1,11,0.137075013492,375,7995
1,12,0.152852267187,373,6950
1,19,0.120077220077,359,9116
0,22,0.111031582715,356,9936
0,25,0.0984476795625,350,11209
0,23,0.105625217694,354,10271
0,38,0.0795389778988,324,14535
0,22,0.10674446542,356,10410
0,25,0.0998043052838,350,11040
0,25,0.106724244294,350,10136
0,23,0.110259047975,354,9514
0,22,0.119772595876,356,9135
1,28,0.0968503937008,341,11470
0,16,0.111223365173,368,9677
0,26,0.100236908749,348,11014
0,24,0.102728731942,352,10621
0,27,0.103953391594,346,10766
0,16,0.136299929923,368,7395
2,18,0.119951656763,358,8738
0,20,0.123243871718,360,9049
0,28,0.0961127385005,344,11417
0,26,0.0998721636306,348,11266
0,31,0.0971583628552,338,11978
1,24,0.103780010216,349,10527
0,21,0.120343280671,358,9020
1,32,0.0902206836867,333,12615
1,29,0.102662229617,339,10786
1,35,0.0871277551302,327,13212
0,24,0.107113729044,352,9853
1,39,0.0859506355505,319,13591
0,40,0.0837013115402,320,13903
0,35,0.0881512420312,330,12444
0,34,0.0863705972435,332,11932
0,32,0.0929003021148,336,12010
0,40,0.0789124668435,320,13890
0,37,0.0909025787966,326,12691
0,27,0.107737333089,346,9756
0,37,0.0865034251567,326,12535
0,50,0.0695069726584,300,16948
0,35,0.090098060901,330,12341
0,28,0.105617977528,344,9950
0,34,0.0907692307692,332,12411
0,37,0.0831038281465,326,13317
0,24,0.125614250614,352,8541
0,43,0.0802762465944,314,14516
0,26,0.11346227499,348,9259
0,25,0.12391499551,350,8781
0,25,0.117785963918,350,9340
0,42,0.0792832110031,316,13924
0,26,0.11760147244,348,9109
0,28,0.111081418136,344,9979
0,35,0.0963216957606,330,11596
0,38,0.0869024996346,324,12493
0,45,0.0810444874275,310,14253
0,30,0.108742004264,340,10450
0,31,0.102497846684,338,10420
0,32,0.101607006207,336,10566
0,36,0.0961729432434,328,11832
0,43,0.0787162598476,314,14267
0,24,0.126483874357,352,8315
1,30,0.104096426163,337,10629
0,42,0.0833063838044,316,14173
0,33,0.0928881313914,334,11709
0,34,0.0992710295684,332,10997
0,32,0.101117039013,336,10783
0,37,0.0922235540905,326,12117
0,35,0.101884664948,330,11151
0,36,0.0905206520019,328,11494
1,36,0.0964389300677,325,11215
0,44,0.0808691607416,312,13832
0,36,0.0931907971183,328,11706
0,53,0.0731819224593,294,16160
0,35,0.0973108293628,330,11178
0,23,0.139789806758,354,7612
0,33,0.102939916002,334,10466
0,23,0.130400977452,354,7829
1,34,0.106232882397,329,10769
0,26,0.123722700862,348,8747
0,31,0.102697998259,338,10310
0,37,0.0987067622312,326,11569
0,27,0.117375049193,346,8971
0,24,0.136438536746,352,7861
0,30,0.108031774051,340,10106
0,30,0.115012540308,340,9880
0,38,0.0908389287644,324,11780
0,41,0.0891046694274,318,12758
0,38,0.0981992980314,324,11819
0,27,0.122338830585,346,8781
0,32,0.109495444989,336,10166
0,38,0.0942846469929,324,12123
0,42,0.0863051276641,316,12990
0,32,0.107291666667,336,10284
0,32,0.10691934773,336,10132
0,36,0.0978487718735,328,11239
0,41,0.0904293768975,318,12583
0,43,0.0846851800935,314,13316
0,40,0.0886402120297,320,12379
0,36,0.0942040684533,328,11221
0,37,0.096677688553,326,11474
0,34,0.102825614446,332,10732
0,30,0.115406534954,340,9313
0,29,0.118680046314,342,9134
0,30,0.118812802382,340,9471
0,30,0.114890048453,340,9499
0,27,0.12085908216,346,8678
0,32,0.106200177148,336,10091
0,28,0.119026592091,344,8978
0,24,0.140410570489,352,7579
0,17,0.178607613258,366,5675
0,25,0.137072325682,350,7970
0,25,0.1347315252,350,7880
0,19,0.157894736842,362,6176
0,28,0.128161551535,344,8721
1,18,0.166258111031,361,5782
0,34,0.101345597002,332,10552
0,23,0.139211962972,354,7253
0,27,0.127092374458,346,8448
0,22,0.153245192308,356,7045
0,24,0.139748766263,352,7670
0,26,0.125950880243,348,8043
0,32,0.108774146958,336,9873
0,31,0.112144318393,338,9548
0,42,0.0906023404408,316,12667
0,36,0.101842711418,328,10918
0,33,0.106251106782,334,10094
0,42,0.0905308464849,316,12678
0,36,0.0981153909737,328,10911
0,37,0.0992069785884,326,11359
0,30,0.119841116063,340,9085
0,15,0.196898966322,370,4817
0,22,0.147967875395,356,7002
1,31,0.11572644775,335,9452
0,24,0.135429964025,352,7450
0,27,0.12770585189,346,8422
0,15,0.194322459222,370,5137
0,24,0.142661336379,352,7506
0,15,0.193404781533,370,4892
0,19,0.163880060799,362,6051
0,22,0.15474148493,356,6899
0,19,0.163124482473,362,6064
0,22,0.148280537409,356,6910
0,21,0.152822632735,358,6558
0,21,0.152168399696,358,6686
0,22,0.148845381526,356,6782
0,16,0.189738025112,368,5227
0,16,0.19336928934,368,5085
0,12,0.231520737327,376,4169
0,17,0.183863009723,366,5624
0,7,0.309982037465,386,2689
0,20,0.163386606789,360,6334
0,16,0.191434624697,368,5343
0,17,0.185399239544,366,5356
0,21,0.159090909091,358,6623
0,15,0.204516129032,370,4932
0,9,0.281459247287,382,3112
0,13,0.223496240602,374,4131
0,20,0.16369165675,360,6325
0,20,0.166666666667,360,6230
0,16,0.193289224953,368,5121
0,24,0.147465964993,352,7452
0,19,0.167754754471,362,5864
0,11,0.252535496957,378,3685
0,15,0.201583635764,370,4840
0,18,0.175572519084,364,5616
0,20,0.163945578231,360,6145
0,12,0.244264507422,376,3920
0,17,0.191975775927,366,5337
0,16,0.192796269497,368,5020
0,21,0.160904600988,358,6456
0,26,0.137341423056,348,7820
0,10,0.265664160401,380,3223
0,12,0.24413950829,376,3966
0,12,0.236944660951,376,3916
0,7,0.335820895522,386,2492
0,13,0.233235077377,374,4162
0,12,0.240245593187,376,3836
0,13,0.223166451136,374,4205
0,18,0.177226277372,364,5636
0,9,0.292271105826,382,2976
0,6,0.353636363636,388,2133
0,7,0.334775554354,386,2460
0,10,0.26917194669,380,3345
0,8,0.314153609042,384,2670
1,8,0.310544904137,381,2733
0,10,0.272871376812,380,3211
0,9,0.291429924242,382,2993
0,18,0.184544917258,364,5519
0,11,0.255116807939,378,3603
0,15,0.20482944951,370,4709
0,8,0.315108293714,384,2593
0,21,0.16211269447,358,6409
0,12,0.253977607543,376,3798
0,14,0.212635379061,372,4362
0,16,0.196566110398,368,5007
0,12,0.242975860704,376,3826
0,6,0.367985280589,388,2061
0,6,0.362908194701,388,2068
0,9,0.287994107537,382,2900
0,20,0.170460704607,360,6122
0,10,0.273736933798,380,3335
0,15,0.207103637612,370,4621
0,6,0.363098758131,388,2154
0,11,0.251919795222,378,3507
0,11,0.251421351864,378,3555
1,7,0.33734939759,383,2475
0,11,0.257270693512,378,3652
0,9,0.303181386515,382,2935
0,16,0.197331576347,368,4873
0,7,0.340858416945,386,2365
0,9,0.289917993247,382,2944
0,7,0.35009779268,386,2326
0,15,0.211289222374,370,4625
0,12,0.244745351657,376,3737
1,8,0.310924369748,381,2624
0,11,0.255793991416,378,3468
0,9,0.282238442822,382,2950
0,12,0.245749308027,376,3815
0,13,0.23406261788,374,4061
0,11,0.247955230306,378,3494
0,11,0.259957627119,378,3493
0,6,0.3721875,388,2009
0,15,0.207988980716,370,4600
0,9,0.294202898551,382,2922
0,9,0.29764505948,382,2893
0,8,0.321464903357,384,2668
0,7,0.363940831705,386,2279
0,7,0.347245883021,386,2299
0,12,0.248195669607,376,3750
0,6,0.367933271548,388,2046
0,11,0.260209536027,378,3460
0,15,0.208683713746,370,4611
0,17,0.186911487759,366,5181
0,11,0.270470937633,378,3439
0,10,0.276008492569,380,3069
0,7,0.354516956398,386,2265
0,16,0.205725376031,368,4911
0,8,0.320020481311,384,2656
0,10,0.285029666819,380,3133
0,10,0.287508409957,380,3177
0,7,0.35379369139,386,2274
0,6,0.380790611489,388,2005
0,9,0.290764251929,382,2849
0,4,0.470992366412,392,1386
0,6,0.37688751926,388,2022
0,7,0.36135857461,386,2294
0,2,0.60323069157,396,786
0,11,0.257173913043,378,3417
0,5,0.422568620807,390,1704
0,7,0.359290008589,386,2238
0,7,0.340818646958,386,2319
0,12,0.247150569886,376,3765
0,3,0.519520851819,394,1083
0,5,0.419155134741,390,1595
0,7,0.349201824401,386,2283
0,2,0.59902200489,396,820
0,8,0.323413220964,384,2569
0,9,0.302510564256,382,2806
0,4,0.478243512974,392,1307
0,4,0.466419294991,392,1438
0,4,0.458557175748,392,1411
0,3,0.523215821152,394,1109
0,3,0.524301075269,394,1106
0,2,0.621804148577,396,784
0,4,0.482972136223,392,1336
0,6,0.385937002864,388,1930
0,7,0.339383462979,386,2293
0,4,0.472447013487,392,1369
0,6,0.392225031606,388,1923
0,5,0.420148247978,390,1721
0,5,0.422673198041,390,1650
0,10,0.289190453907,380,3038
0,7,0.351704545455,386,2282
0,8,0.323056300268,384,2525
0,6,0.381134480561,388,1942
0,7,0.349394028968,386,2201
0,6,0.382744080441,388,1903
0,5,0.434237288136,390,1669
0,7,0.364006988934,386,2184
0,4,0.472319008904,392,1363
0,4,0.478507704785,392,1286
0,4,0.464285714286,392,1410
0,1,0.723282442748,398,435
0,11,0.26751036439,378,3357
0,3,0.511797511798,394,1138
0,4,0.459728867624,392,1355
0,1,0.718730933496,398,461
0,8,0.331275167785,384,2491
0,6,0.396316290886,388,1901
0,4,0.477161500816,392,1282
0,9,0.293216080402,382,2813
0,2,0.622802611753,396,751
0,2,0.626951092612,396,717
0,5,0.434357541899,390,1620
0,6,0.403220713609,388,1890
0,7,0.369434070669,386,2195
0,4,0.493044822257,392,1312
0,5,0.444524495677,390,1542
0,3,0.558180227472,394,1010
0,3,0.537940379404,394,1023
0,0,0.903963414634,400,126
0,5,0.435593828489,390,1573
0,1,0.732022126613,398,436
0,5,0.437521876094,390,1607
0,4,0.487890625,392,1311
0,3,0.543789097408,394,1021
0,9,0.31414928374,382,2729
0,4,0.493140243902,392,1330
0,7,0.368109069354,386,2132
0,6,0.402045381911,388,1871
0,2,0.641595153963,396,710
0,2,0.621047174702,396,731
0,2,0.638945233266,396,712
0,2,0.635411471322,396,731
0,6,0.40312799234,388,1870
0,1,0.749239196592,398,412
0,1,0.727386150967,398,437
0,4,0.492057342115,392,1311
0,1,0.76495215311,398,393
0,0,0.918586789555,400,106
0,3,0.538461538462,394,1008
0,3,0.534297713486,394,998
0,0,0.902029391183,400,140
0,2,0.6324570273,396,727
0,3,0.549087749783,394,1038
0,2,0.635226680563,396,700
0,3,0.542949012402,394,995
0,2,0.638461538462,396,705
0,1,0.734243014945,398,409
0,4,0.4859437751,392,1280
0,1,0.775612822124,398,357
0,2,0.638120104439,396,693
0,2,0.625,396,744
0,4,0.492879746835,392,1282
0,1,0.748192771084,398,418
0,3,0.564785553047,394,964
0,4,0.49694002448,392,1233
0,4,0.486162742668,392,1244
0,3,0.55145362252,394,972
0,2,0.654665314402,396,681
0,6,0.401254953765,388,1813
0,2,0.634291915355,396,674
0,1,0.759036144578,398,380
0,0,0.90775988287,400,126
0,6,0.400452488688,388,1855
0,3,0.557855126999,394,940
0,4,0.485841423948,392,1271
0,3,0.550843593251,394,985
0,2,0.62691292876,396,707
0,2,0.635499207607,396,690
0,0,0.944150943396,400,74
0,2,0.64235924933,396,667
0,2,0.641411520498,396,691
0,2,0.620777891505,396,741
0,2,0.637014314928,396,710
0,0,0.917368018363,400,108
0,6,0.407079646018,388,1809
0,1,0.766066838046,398,364
0,2,0.643160127253,396,673
0,3,0.55802578924,394,994
0,4,0.491863303499,392,1249
0,4,0.499803844645,392,1275
0,1,0.764258555133,398,372
0,1,0.759096612296,398,384
0,2,0.664054336468,396,643
0,2,0.648481729285,396,683
0,0,0.932969602494,400,86
0,2,0.648081841432,396,688
0,3,0.5539503386,394,988
0,2,0.650360453141,396,679
0,0,0.935240963855,400,86
0,1,0.776699029126,398,345
0,0,0.937595129376,400,82
0,2,0.656555269923,396,668
0,0,0.93740685544,400,84
0,0,0.911544227886,400,118
0,1,0.759541984733,398,378
0,0,0.940520446097,400,80
0,1,0.768737988469,398,361
0,0,0.933983495874,400,88
0,0,0.932312651088,400,84
0,2,0.650777202073,396,674
0,0,0.937784522003,400,82
0,0,0.928181108509,400,92
0,0,0.928189457601,400,94
0,2,0.645833333333,396,680
0,0,0.931140015302,400,90
0,2,0.653188180404,396,669
0,0,0.950949367089,400,62
0,0,0.936285936286,400,82
0,1,0.786432160804,398,340
0,1,0.763549731983,398,397
0,0,0.934557063049,400,82
0,0,0.938650306748,400,80
0,0,0.932773109244,400,88
0,0,0.924924924925,400,100
0,0,0.93625498008,400,80
0,1,0.767014101778,398,380
0,0,0.962234461054,400,48
0,0,0.939984996249,400,80
0,0,0.944657955419,400,72
0,0,0.935251798561,400,90
0,0,0.944108761329,400,74
0,0,0.950676213206,400,62
0,0,0.956078431373,400,56
0,0,0.944580277099,400,68
0,1,0.774436090226,398,360
0,0,0.957943925234,400,54
0,0,0.948675496689,400,62
0,1,0.779865771812,398,328
0,1,0.752201257862,398,394
0,0,0.951070336391,400,64
0,1,0.779324055666,398,333
0,1,0.785213511791,398,337
0,0,0.94847020934,400,64
0,0,0.947530864198,400,68
0,0,0.958525345622,400,54
0,0,0.931888544892,400,88
0,0,0.95296025953,400,58
0,0,0.948675496689,400,62
0,1,0.785129174543,398,341
0,0,0.952076677316,400,60
0,0,0.934934159566,400,84
0,2,0.65881092662,396,637
0,1,0.773976786805,398,370
0,0,0.96835443038,400,40
0,1,0.783375314861,398,344
0,1,0.761327377154,398,374
0,0,0.964052287582,400,44
0,1,0.764417177914,398,384
0,0,0.9513633014,400,66
0,0,0.949479940565,400,68
0,0,0.940032414911,400,74
0,0,0.957928802589,400,52
0,0,0.959546925566,400,50
0,2,0.662803532009,396,611
0,0,0.952086553323,400,62
0,0,0.95625,400,56
0,1,0.78395451674,398,342
0,1,0.783384615385,398,352
0,0,0.947497949139,400,64
0,0,0.958762886598,400,52
0,0,0.955737704918,400,54
0,0,0.952978056426,400,60
0,0,0.955905511811,400,56
0,0,0.943338437979,400,74
0,0,0.962489343564,400,44
0,1,0.773402194964,398,351
0,2,0.660841070453,396,621
0,1,0.787680209699,398,324
0,0,0.942766295707,400,72
0,3,0.577798420808,394,909
0,1,0.790476190476,398,330
0,2,0.658143413007,396,615
0,0,0.955731225296,400,56
0,1,0.781518151815,398,331
0,1,0.785897435897,398,334
0,0,0.95219123506,400,60
0,2,0.661874334398,396,635
0,3,0.569626168224,394,921
0,3,0.57276119403,394,916
0,0,0.96803652968,400,42
0,0,0.95531587057,400,58
0,0,0.956275303644,400,54
0,0,0.954268292683,400,60
0,0,0.954397394137,400,56
0,0,0.953161592506,400,60
0,0,0.964941569282,400,42
0,1,0.772842639594,398,358
0,0,0.966850828729,400,42
0,0,0.970826580227,400,36
0,0,0.965299684543,400,44
0,0,0.955281418658,400,58
0,0,0.961059190031,400,50
0,0,0.961165048544,400,48
0,0,0.945820433437,400,70
0,0,0.968992248062,400,40
0,0,0.959090909091,400,54
0,0,0.941520467836,400,80
0,0,0.948345439871,400,64
0,0,0.960275019099,400,52
0,1,0.774983881367,398,349
0,0,0.95905511811,400,52
0,0,0.962692619627,400,46
0,0,0.952922077922,400,58
0,1,0.771825396825,398,345
0,0,0.965991902834,400,42
0,0,0.980408163265,400,24
0,0,0.959119496855,400,52
0,0,0.966373098479,400,42
0,0,0.963607594937,400,46
0,0,0.979922779923,400,26
0,0,0.967065868263,400,44
0,0,0.959907478797,400,52
0,0,0.967065868263,400,44
0,0,0.973333333333,400,32
0,0,0.963022508039,400,46
0,1,0.781229773463,398,338
0,0,0.964912280702,400,46
0,0,0.956026058632,400,54
0,0,0.954793452845,400,58
0,0,0.978861788618,400,26
0,0,0.938556067588,400,80
0,0,0.96599690881,400,44
0,0,0.964968152866,400,44
0,0,0.962662337662,400,46
0,1,0.790343074968,398,330
0,0,0.955418908532,400,58
0,1,0.788205453393,398,334
0,0,0.95631825273,400,56
0,0,0.97423510467,400,32
0,0,0.966074313409,400,42
0,0,0.962115232833,400,48
0,0,0.962934362934,400,48
0,0,0.967845659164,400,40
0,0,0.96685998343,400,40
0,0,0.960998439938,400,50
0,0,0.973416731822,400,34
0,0,0.973291437549,400,34
0,0,0.958146487294,400,56
0,0,0.964669738863,400,46
0,0,0.978792822186,400,26
0,0,0.960254372019,400,50
0,0,0.960317460317,400,50
0,0,0.968652037618,400,40
0,0,0.967320261438,400,40
0,0,0.96986518636,400,38
0,0,0.973101265823,400,34
0,0,0.96835443038,400,40
0,0,0.974338412189,400,32
0,0,0.962848297214,400,48
0,0,0.976708074534,400,30
0,0,0.968979591837,400,38
0,0,0.97172034564,400,36
0,0,0.978056426332,400,28
0,0,0.984214680347,400,20
0,0,0.966560509554,400,42
0,0,0.964034401876,400,46
0,0,0.969180859692,400,38
0,0,0.95771339076,400,54
0,0,0.978565539984,400,26
0,0,0.972972972973,400,34
0,0,0.966507177033,400,42
0,0,0.957543593632,400,56
0,0,0.969788519637,400,40
0,0,0.96981731533,400,38
0,0,0.961089494163,400,50
0,0,0.970055161545,400,38
0,0,0.974979149291,400,30
0,0,0.976171564734,400,30
0,0,0.964257964258,400,46
0,0,0.977947413062,400,26
0,0,0.97572815534,400,30
0,0,0.980922098569,400,24
0,0,0.979430379747,400,26
0,0,0.979703356753,400,26
0,0,0.966850828729,400,42
0,0,0.977235772358,400,28
0,0,0.978176149649,400,28
0,1,0.78706727629,398,326
0,0,0.966237942122,400,42
0,0,0.966693100714,400,42
0,0,0.974089068826,400,32
0,0,0.961240310078,400,50
0,0,0.981803143093,400,22
0,0,0.972179289026,400,36
0,0,0.955418908532,400,58
0,0,0.962761830877,400,48
0,0,0.975,400,30
0,0,0.981996726678,400,22
0,0,0.956589147287,400,56
0,0,0.9609375,400,50
0,0,0.976170212766,400,28
0,0,0.964858670741,400,46
0,0,0.974743488556,400,32
0,0,0.970289288507,400,38
0,0,0.976993865031,400,30
0,0,0.964686998395,400,44
0,0,0.983606557377,400,20
0,0,0.972858354538,400,32
0,0,0.981161695447,400,24
0,0,0.977742448331,400,28
0,0,0.968877968878,400,38
0,0,0.970588235294,400,40
0,0,0.976228209192,400,30
0,0,0.977724741448,400,28
0,0,0.970272502064,400,36
0,0,0.970873786408,400,36
0,0,0.975629569456,400,30
0,0,0.97000789266,400,38
0,0,0.961383748994,400,48
0,0,0.976247030879,400,30
0,0,0.980815347722,400,24
0,0,0.974255832663,400,32
0,0,0.974743488556,400,32
0,0,0.969551282051,400,38
0,0,0.977064220183,400,30
0,0,0.97805907173,400,26
0,0,0.970707892596,400,36
0,0,0.972624798712,400,34
0,0,0.962662337662,400,46
0,0,0.967766692249,400,42
0,0,0.978867924528,400,28
0,0,0.975186104218,400,30
0,0,0.970491803279,400,36
0,0,0.968147527242,400,38
0,0,0.978740801308,400,26
0,0,0.977346278317,400,28
0,0,0.978193146417,400,28
0,0,0.982456140351,400,22
0,0,0.990188062142,400,12
0,0,0.970920840065,400,36
0,0,0.975403535742,400,32
0,0,0.972312703583,400,34
0,0,0.977707006369,400,28
0,0,0.973983739837,400,32
0,0,0.97316495659,400,34
0,0,0.970031545741,400,38
0,0,0.982470119522,400,22
0,0,0.973926380368,400,34
0,0,0.967391304348,400,42
0,0,0.967007069914,400,42
0,0,0.983726606998,400,20
0,0,0.975270479134,400,32
0,0,0.980769230769,400,24
0,0,0.984387197502,400,20
0,0,0.969159599075,400,40
0,0,0.9726443769,400,36
0,0,0.981776765376,400,24
0,0,0.975,400,32
0,0,0.975845410628,400,30
0,0,0.979032258065,400,26
0,0,0.963722397476,400,46
0,0,0.974068071313,400,32
0,0,0.971223021583,400,36
0,0,0.976763485477,400,28
0,0,0.976170212766,400,28
0,0,0.977663230241,400,26
0,0,0.971014492754,400,36
0,0,0.977935382191,400,28
0,0,0.960591133005,400,48
0,0,0.963993453355,400,44
0,0,0.980392156863,400,24
0,0,0.973109243697,400,32
0,0,0.982832618026,400,20
0,0,0.97756170531,400,30
0,0,0.970731707317,400,36
0,0,0.979082864039,400,26
0,0,0.978511128166,400,28
0,0,0.980660757454,400,24
0,0,0.973101265823,400,34
0,0,0.973791973792,400,32
0,0,0.9712,400,36
0,0,0.985904463587,400,18
0,0,0.964285714286,400,46
0,0,0.98127925117,400,24
0,0,0.984591679507,400,20
0,0,0.96621078037,400,42
0,0,0.963864886096,400,46
0,0,0.986452159187,400,16
0,0,0.983844911147,400,20
0,0,0.975041597338,400,30
0,0,0.960752248569,400,48
0,0,0.971830985915,400,36
0,0,0.983218916857,400,22
0,0,0.977952755906,400,28
0,0,0.977491961415,400,28
0,0,0.983805668016,400,20
0,0,0.982785602504,400,22
0,0,0.973663826491,400,34
0,0,0.978964401294,400,26
0,0,0.98683127572,400,16
0,0,0.98166539343,400,24
0,0,0.985623003195,400,18
0,0,0.986688851913,400,16
0,0,0.968253968254,400,40
0,0,0.988294314381,400,14
0,0,0.983646770237,400,20
0,0,0.969672785315,400,38
0,0,0.974979149291,400,30
0,0,0.984784446323,400,18
0,0,0.978039215686,400,28
0,0,0.980061349693,400,26
0,0,0.981937602627,400,22
0,0,0.984152139461,400,20
0,0,0.975020815987,400,30
0,0,0.973354231975,400,34
0,0,0.970612244898,400,36
0,0,0.972690763052,400,34
0,0,0.976470588235,400,30
0,0,0.969696969697,400,38
0,0,0.977419354839,400,28
0,0,0.981403212172,400,22
0,0,0.978227060653,400,28
0,0,0.970944309927,400,36
0,0,0.973037272006,400,34
0,0,0.97984496124,400,26
0,0,0.981559094719,400,22
0,0,0.976171564734,400,30
0,0,0.979671618452,400,26
0,0,0.988941548183,400,14
0,0,0.9824,400,22
0,0,0.976228209192,400,30
0,0,0.977426636569,400,30
0,0,0.978090766823,400,28
0,0,0.978476821192,400,26
0,0,0.985725614592,400,18
0,0,0.980347694633,400,26
0,0,0.979719188768,400,26
0,0,0.973122529644,400,34
0,0,0.980676328502,400,24
0,0,0.959774738536,400,50
0,0,0.974338412189,400,32
0,0,0.977830562154,400,28
0,0,0.969575660528,400,38
0,0,0.979315831344,400,26
0,0,0.975669099757,400,30
0,0,0.973249409913,400,34
0,0,0.988862370724,400,14
0,0,0.980707395498,400,24
0,0,0.969111969112,400,40
0,0,0.978527607362,400,28
0,0,0.984089101034,400,20
0,0,0.982286634461,400,22
0,0,0.975510204082,400,30
0,0,0.978277734678,400,28
0,0,0.96974522293,400,38
0,0,0.989915966387,400,12
0,0,0.986599664992,400,16
0,0,0.977795400476,400,28
0,0,0.984289080911,400,20
0,0,0.977795400476,400,28
0,0,0.975757575758,400,32
0,0,0.98127925117,400,24
0,0,0.98516075845,400,18
0,0,0.97366255144,400,32
0,0,0.982186234818,400,22
0,0,0.970247933884,400,36
0,0,0.981042654028,400,24
0,0,0.981735159817,400,24
0,0,0.985111662531,400,18
0,0,0.984562607204,400,18
0,0,0.97875569044,400,28
0,0,0.981176470588,400,24
0,0,0.97863599014,400,26
0,0,0.974562798092,400,32
0,0,0.975708502024,400,30
0,0,0.985136251032,400,18
0,0,0.9808,400,24
0,0,0.975903614458,400,30
0,0,0.984326018809,400,20
0,0,0.977124183007,400,28
0,0,0.97820620285,400,26
0,0,0.97863599014,400,26
0,0,0.9776,400,28
0,0,0.985294117647,400,18
0,0,0.980568011958,400,26
0,0,0.985049833887,400,18
0,0,0.975097276265,400,32
0,0,0.97213622291,400,36
0,0,0.971320754717,400,38
0,0,0.965598123534,400,44
0,0,0.975510204082,400,30
0,0,0.976228209192,400,30
0,0,0.984899328859,400,18
0,0,0.983308042489,400,22
0,0,0.980967486122,400,24
0,0,0.972602739726,400,34
0,0,0.983050847458,400,20
0,0,0.986655546289,400,16
0,0,0.977564102564,400,28
0,0,0.972843450479,400,34
0,0,0.974643423138,400,32
0,0,0.982525814138,400,22
0,0,0.979015334948,400,26
0,0,0.980985306828,400,22
0,0,0.983779399838,400,20
0,0,0.981308411215,400,24
0,0,0.979430379747,400,26
0,0,0.973553719008,400,32
0,0,0.979348689436,400,26
0,0,0.990049751244,400,12
0,0,0.981510015408,400,24
0,0,0.983136593592,400,20
0,0,0.979049153908,400,26
0,0,0.976840363937,400,28
0,0,0.987758224943,400,16
0,0,0.982272360999,400,22
0,0,0.984871406959,400,20
0,0,0.978810105949,400,26
0,0,0.975124378109,400,30
0,0,0.97519379845,400,32
0,0,0.982343499197,400,22
0,0,0.978369384359,400,26
0,0,0.973791973792,400,32
0,0,0.981027667984,400,24
0,0,0.977161500816,400,28
0,0,0.988505747126,400,14
0,0,0.986577181208,400,16
0,0,0.982825917252,400,22
0,0,0.972039473684,400,34
0,0,0.985871271586,400,18
0,0,0.986798679868,400,16
0,0,0.982456140351,400,22
0,0,0.975349219392,400,30
0,0,0.980487804878,400,24
0,0,0.987127916331,400,16
0,0,0.982905982906,400,22
0,0,0.976744186047,400,28
0,0,0.979916317992,400,24
0,0,0.97366255144,400,32
0,0,0.967845659164,400,40
0,0,0.974151857835,400,32
0,0,0.981996726678,400,22
0,0,0.990521327014,400,12
0,0,0.977528089888,400,28
0,0,0.984721161192,400,20
0,0,0.983713355049,400,20
0,0,0.984472049689,400,20
0,0,0.9872,400,16
0,0,0.982428115016,400,22
0,0,0.979233226837,400,26
0,0,0.981574539363,400,22
0,0,0.986132511556,400,18
0,0,0.971631205674,400,36
0,0,0.975609756098,400,30
0,0,0.987086359968,400,16
0,0,0.978600823045,400,26
0,0,0.974338412189,400,32
0,0,0.974882260597,400,32
0,0,0.966587112172,400,42
0,0,0.977724741448,400,28
0,0,0.97288676236,400,34
0,0,0.975864843121,400,30
0,0,0.984289080911,400,20
0,0,0.993831919815,400,8
0,0,0.981580966999,400,24
0,0,0.972456006121,400,36
0,0,0.988599348534,400,14
0,0,0.978861788618,400,26
0,0,0.975,400,32
0,0,0.979166666667,400,26
0,0,0.990617670055,400,12
0,0,0.973333333333,400,32
0,0,0.983987189752,400,20
0,0,0.988448844884,400,14
0,0,0.983282674772,400,22
0,0,0.981863149217,400,22
0,0,0.985233798195,400,18
0,0,0.972929936306,400,34
0,0,0.972402597403,400,34
0,0,0.976133651551,400,30
0,0,0.984797297297,400,18
0,0,0.98275862069,400,22
0,0,0.988844621514,400,14
0,0,0.975609756098,400,30
0,0,0.985245901639,400,18
0,0,0.977327935223,400,28
0,0,0.979527559055,400,26
0,0,0.983207388749,400,20
0,0,0.980392156863,400,24
0,0,0.984089101034,400,20
0,0,0.977029096478,400,30
0,0,0.963750985028,400,46
0,0,0.976617303196,400,30
0,0,0.982498011138,400,22
0,0,0.977105478332,400,28
0,0,0.983948635634,400,20
0,0,0.984301412873,400,20
0,0,0.978494623656,400,28
0,0,0.978294573643,400,28
0,0,0.984719864177,400,18
0,0,0.9734375,400,34
0,0,0.976228209192,400,30
0,0,0.985257985258,400,18
